REPORTE DE DESCARGA - RÍO ORINOCO
==================================================

Fecha: 2025-12-05 21:13:45
Estaciones exitosas: 70
Estaciones fallidas: 0

ESTACIONES EXITOSAS:
------------------------------
1120
1121
1122
1207
1208
1209
1255
1256
1257
1258
1259
1260
6739
7823
9222
9223
9365
9368
9395
9396
9398
9400
13271
13272
13273
13274
13275
13276
13277
13500
13504
13505
13506
13507
13509
13510
14284
14478
15030
15310
15436
15677
15811
16058
16344
16345
16705
16708
16864
17096
17241
17492
17627
17628
17630
19802
19803
19804
19805
19806
23575
23576
23577
23578
23579
23580
23581
23582
27203
18786

ESTACIONES FALLIDAS:
------------------------------
